3 1 5 40 1 1 2 3 4 5 6 7 8 9 10
116 2 6 30 2 1 11 12 4 5 13 8 9 10
19 1 5 40 3 14 2 15 16 17 18 6 7 8 9 10
201 2 6 30 4 1 2 15 16 17 18 6 7 8 9 10
29 3 6 00 5 20 21 22 23 24 15 3 16 17 18 6 7 8 9 25
60 1 6 20 1 26 16 17 18 7 8 9 10 27 28 29
38 2 6 00 2 30 31 21 22 33 11 5 6 7 8 9 10
49 3 6 20 3 10 33 34 35 36 37 24 23 22 21 20
112 1 6 20 4 35 36 37 24 23 32 38 39 40 41
204 2 5 50 5 26 1 2 15 24 37 42 36 35
104 3 6 00 6 35 42 3 15 2 43 44 45 20
133 1 7 00 1 30 20 14 32 23 24 37 42 35
4 2 5 50 2 1 2 15 24 37 42 35
26 3 6 00 3 35 46 15 21 20 47 48 49
106 1 6 30 4 50 51 52 41 53 39 54 55
15 2 6 00 5 30 1 2 15 4 50 51 52 41
18 3 6 35 1 56 4 50 51 52 57 58 59 60
219 1 6 40 2 19 12 4 50 5 8 9 10
31 2 18 50 3 61 5 50 4 15 2 62 55
34 3 18 15 4 20 45 44 43 2 15 3 56 4 51
